urlid,label
5865,0.71964523809523817
782,0.21375952380952379
6962,0.34484642857142861
7640,0.33313690476190466
3589,0.44659880952380954
6719,0.46154801587301586
3905,0.53283455988455997
9841,0.91437619047619045
7447,0.22867857142857137
4776,0.52459365079365072
2879,0.58978214285714292
2620,0.53204722222222223
10479,0.17065753968253966
1105,0.15415357142857145
1849,0.32771507936507943
8286,0.43925198412698407
8344,0.52055119047619047
10486,0.96260714285714277
8661,0.72162867965367961
7188,0.59173333333333333
1433,0.69005873015873009
677,0.40620003607503608
469,0.80644126984126974
6988,0.47717500000000007
8024,0.25015476190476194
6896,0.21701666666666669
9154,0.46514285714285714
342,0.59400793650793637
50,0.45745912698412688
983,0.38958845598845598
6933,0.28184603174603173
8271,0.53603571428571417
5602,0.47566785714285714
4505,0.26783932178932179
4966,0.54764047619047618
2390,0.37605238095238086
6736,0.45501031746031745
4660,0.82739285714285704
7560,0.938715873015873
3840,0.57285515873015869
5823,0.41763452380952376
5789,0.90779206349206343
1595,0.17865396825396826
6770,0.38023253968253967
3522,0.938752380952381
5584,0.82702380952380938
8323,0.6857738095238094
3862,0.63029563492063501
373,0.30005714285714286
7345,0.49610793650793661
7708,0.46938333333333337
1398,0.67995396825396803
4298,0.48333253968253964
7467,0.19151785714285716
1878,0.51608333333333323
1832,0.46795595238095239
625,0.46273809523809523
7438,0.28673412698412698
9961,0.98808571428571423
7117,0.31597532467532469
8190,0.31050952380952385
1713,0.60648730158730169
949,0.71464841269841284
9246,0.39276865079365081
2326,0.35274841269841267
8942,0.41391428571428573
4458,0.70936150793650787
4659,0.23542142857142856
9522,0.26416666666666672
2497,0.77040714285714307
9836,0.56176825396825392
3808,0.89653290043290046
5575,0.45989047619047618
5714,0.13930555555555557
2490,0.83345357142857135
6812,0.72704166666666659
4335,0.25120873015873019
10014,0.55921230158730173
5889,0.77527023809523798
482,0.6761178571428571
8082,0.49356825396825393
5856,0.86814523809523803
8866,0.29819920634920627
2624,0.74936587301587299
1371,0.38012976190476183
4436,0.38547896825396816
2972,0.41885551948051941
3638,0.69238452380952376
6249,0.4792035714285714
7602,0.34505714285714295
9624,0.98103333333333331
7567,0.57971904761904758
6578,0.48872301587301592
7590,0.50302658730158722
8590,0.45287380952380957
10520,0.75249325396825384
1906,0.25398095238095242
1373,0.51207023809523811
1601,0.67777222222222211
4754,0.20159920634920633
8208,0.38403134920634918
1658,0.8438821428571428
1352,0.72443571428571429
8143,0.74545238095238098
7760,0.63755873015873021
7836,0.54540277777777768
9769,0.30726305916305913
503,0.62213015873015864
4909,0.43062063492063474
7162,0.39776096681096684
10035,0.37894960317460313
1992,0.18959285714285712
6133,0.39850396825396828
8519,0.56388690476190484
1879,0.29157896825396823
7107,0.62354087301587302
1225,0.5190583333333334
2451,0.64711309523809524
8252,0.17371666666666666
9214,0.17012499999999997
4850,0.94682857142857146
5891,0.13759285714285716
5274,0.60118214285714289
8623,0.27222301587301578
562,0.9367765873015873
860,0.38425674603174603
4199,0.90544444444444461
7616,0.38361904761904758
10544,0.43567698412698413
1567,0.97671785714285719
6552,0.35346428571428568
954,0.37036190476190473
111,0.34872976190476185
7036,0.75322261904761922
1995,0.77765952380952397
7095,0.37751785714285718
10180,0.47046706349206358
6872,0.59709642857142864
4805,0.86219960317460331
355,0.89327063492063508
8097,0.72888611111111112
9271,0.47167222222222221
431,0.50684523809523807
1646,0.63265992063492071
143,0.73654563492063496
3436,0.50415036075036068
150,0.55100119047619056
9745,0.37473924963924965
715,0.34232539682539681
578,0.41196031746031753
8684,0.79969206349206345
1186,0.50710555555555548
9115,0.50753492063492056
9239,0.31685714285714284
5461,0.50595515873015873
5424,0.9208345238095238
1349,0.6702917027417028
609,0.77649116161616161
7569,0.27628730158730158
1622,0.58295555555555556
6541,0.16800476190476185
9873,0.63307811355311361
305,0.17614761904761905
6041,0.43948452380952385
5360,0.31995198412698422
8445,0.74564877344877334
7260,0.50545555555555555
4526,0.86445000000000005
138,0.332211507936508
168,0.13651547619047619
7888,0.57353611111111102
4639,0.82175476190476193
867,0.38471904761904774
9673,0.77593214285714296
710,0.38474444444444444
4749,0.28967499999999996
4716,0.19789722222222225
410,0.46223214285714281
2155,0.9224916666666666
3289,0.24850277777777777
7774,0.54716071428571433
1200,0.34204761904761899
9057,0.57855277777777769
2261,0.20440912698412697
9612,0.26397738095238094
4987,0.45316865079365082
3605,0.74188293650793646
5068,0.56415151515151518
4474,0.68958571428571436
5831,0.65633928571428568
4729,0.52156269841269842
10060,0.63266904761904752
6895,0.31204365079365087
3791,0.69507380952380948
7910,0.064702380952380956
4209,0.26230912698412695
4984,0.69938373015873012
1773,0.20592182539682544
2101,0.68843849206349228
7251,0.47555912698412706
2887,0.49284285714285708
875,0.45063528138528142
8185,0.78207380952380945
9688,0.76088214285714273
5342,0.042015873015873027
6802,0.36852478354978357
3077,0.29083730158730159
712,0.04027777777777778
3026,0.41831309523809534
2640,0.33914047619047627
4872,0.27831230158730158
3334,0.60741111111111112
2431,0.30367976190476192
9218,0.29065634920634925
7417,0.46796984126984137
3563,0.83180119047619039
1006,0.74587348484848492
8940,0.54638730158730164
7703,0.30524047619047628
2686,0.5443781746031745
8159,0.92178134920634924
37,0.31688531746031745
65,0.27092539682539685
1910,0.31499642857142851
2202,0.90188730158730157
9717,0.75149920634920619
2388,0.75582499999999997
2365,0.36837063492063488
5072,0.53968849206349201
4614,0.38799801587301586
6955,0.30360000000000009
4094,0.4828230158730159
3319,0.90191190476190486
1456,0.97042857142857142
5381,0.88148253968253965
4479,0.52257510822510822
4766,0.33620714285714287
6076,0.78274642857142851
8064,0.3426272366522366
3416,0.71528531746031754
4892,0.46170992063492067
9942,0.83274444444444451
9215,0.42062301587301593
4506,0.84916150793650791
9275,0.4466559523809524
1306,0.96695952380952377
6828,0.50590198412698406
8368,0.54726439393939397
7205,0.40701865079365079
360,0.77815436507936508
3386,0.64290039682539679
3835,0.21554523809523807
1305,0.20353809523809524
7963,0.19090000000000004
2073,0.53572857142857155
4230,0.16731309523809526
9012,0.20354523809523808
2723,0.89796150793650809
6788,0.82476020923520921
7945,0.21989801587301588
4868,0.56305595238095241
6597,0.63673095238095234
7323,0.28078571428571431
6229,0.52367420634920636
3427,0.24178571428571427
7727,0.24362857142857144
4707,0.87286547619047605
2547,0.76128412698412695
4523,0.7937130952380953
9648,0.41608888888888879
1084,0.54981626984126986
3327,0.71550537518037516
5591,0.29949325396825399
186,0.097963095238095238
2938,0.55807738095238091
9912,0.91300000000000003
6047,0.38100714285714288
2417,0.46141825396825387
10533,0.082708730158730148
1137,0.33229960317460316
1533,0.93784285714285709
9233,0.36436865079365083
43,0.38672261904761901
8986,0.11826107503607501
6000,0.90818492063492062
480,0.53616587301587315
2457,0.65556388888888872
5362,0.082269047619047631
7722,0.79593769841269846
7940,0.37515079365079362
6104,0.86516865079365068
8853,0.37921269841269839
5813,0.94944999999999991
4769,0.29805952380952372
2544,0.73098849206349203
6379,0.60220000000000007
5262,0.088617460317460331
9885,0.39879841269841271
10081,0.5765190476190476
1315,0.52719960317460324
3388,0.26072380952380958
3473,0.93365238095238101
2117,0.28659841269841269
9411,0.41401825396825404
9379,0.5090376984126983
4236,0.305381746031746
2049,0.44789960317460326
4786,0.17187142857142854
1604,0.43662420634920629
7659,0.1624190476190476
8152,0.43050916305916304
5417,0.45632619047619033
160,0.6645428571428571
6826,0.9460591269841272
1815,0.630797619047619
3647,0.66880238095238098
5605,0.35834523809523805
3526,0.87034166666666646
3854,0.6677400793650794
1053,0.76024642857142888
2411,0.42594484126984133
6015,0.2683416666666667
2089,0.7557436507936508
7745,0.91459642857142887
6816,0.5230988095238096
3934,0.59589642857142855
6547,0.69445039682539678
3758,0.49773095238095239
7158,0.69551428571428575
1584,0.31524166666666664
2982,0.55446428571428563
7679,0.83544047619047612
5286,0.84164880952380949
3776,0.77814516594516603
1235,0.89022142857142861
6294,0.50565357142857148
1012,0.61442301587301584
10318,0.38500000000000001
7134,0.39647608225108222
5180,0.51882857142857142
2108,0.39070079365079363
3639,0.57385277777777788
6729,0.4015468253968254
2472,0.30222103174603171
10235,0.28554642857142853
190,0.75276190476190485
4713,0.47335833333333333
6827,0.34570000000000006
6108,0.6252726190476191
1114,0.76279805194805206
4848,0.30304621212121208
606,0.92666666666666675
1573,0.81927738095238112
8546,0.36836547619047616
5193,0.093959523809523798
2936,0.24823571428571423
5104,0.59170079365079353
6712,0.17574007936507935
3055,0.49768809523809515
74,0.92905833333333321
7726,0.44864841269841277
9183,0.2489686507936508
162,0.36960992063492071
7288,0.50419761904761906
8657,0.83953174603174596
1295,0.65899880952380951
8207,0.4444392857142857
4433,0.28614206349206345
590,0.53449761904761905
10549,0.38542738095238099
7749,0.38504285714285719
405,0.52526388888888875
10267,0.66525753968253964
7133,0.31943452380952386
7584,0.4769841269841269
6616,0.82326666666666681
1719,0.42329148351648355
9761,0.63181349206349202
5859,0.21928888888888884
5662,0.53895952380952394
1736,0.34335833333333343
9333,0.5375440476190475
1102,0.41665396825396811
2790,0.44178412698412706
6598,0.51445158730158735
7995,0.78755992063492053
4452,0.75919166666666671
159,0.2701452380952381
511,0.52089285714285727
7006,0.52760396825396827
1123,0.93075357142857118
6073,0.69876825396825404
7094,0.42776731601731605
10008,0.68354365079365087
7573,0.12424047619047619
679,0.75923134920634916
6809,0.4777753607503607
1108,0.56020912698412695
380,0.38108601398601388
204,0.66315833333333329
7075,0.37349404761904759
2550,0.51459206349206355
9785,0.43832904040404036
5036,0.25326190476190474
3129,0.2329126984126984
6495,0.83720995670995668
880,0.21196190476190474
2360,0.7683214285714286
7839,0.22663928571428568
350,0.55438928571428558
9151,0.60039642857142872
6650,0.61941056998557009
7208,0.62167857142857152
5840,0.29396190476190476
5997,0.40587182539682543
2103,0.871548015873016
713,0.69430634920634937
7771,0.41700753968253973
10255,0.15356984126984127
3944,0.80546785714285696
4250,0.58405674603174595
2833,0.071575793650793654
3052,0.25315714285714286
7855,0.81990357142857151
4152,0.59318492063492068
4445,0.91914761904761921
10036,0.46141212121212116
9727,0.38977380952380952
2234,0.30688571428571437
9632,0.84469007936507934
626,0.47156388888888889
1644,0.38498611111111108
4859,0.56471785714285716
3987,0.51985952380952383
5884,0.88900119047619031
4112,0.75092142857142863
10392,0.31294451659451661
2962,0.46615396825396838
21,0.2343615079365079
8524,0.57678816738816741
2543,0.57482142857142871
663,0.34815079365079366
2748,0.42494365079365087
3451,0.23633055555555554
964,0.47916785714285709
10560,0.67019047619047623
2428,0.46014870129870122
4520,0.26281158008658007
7660,0.48152222222222213
6583,0.75745158730158724
10390,0.36025198412698406
688,0.2115607142857143
7957,0.89865396825396837
3356,0.66805595238095239
1766,0.58899801587301592
9128,0.45852023809523812
2340,0.27623253968253964
9421,0.31854603174603169
7712,0.69366071428571419
8200,0.23190952380952379
8762,0.11523928571428572
6446,0.18493095238095239
5194,0.27301706349206351
960,0.37102301587301584
779,0.57331626984126993
3584,0.60377896825396837
3011,0.35282261904761908
2769,0.22435595238095241
1392,0.32651666666666673
7254,0.39979563492063491
9084,0.44154246031746025
9622,0.31360198412698409
3665,0.37967936507936501
1609,0.61548333333333338
6130,0.17524999999999999
10155,0.14210238095238095
7826,0.93796031746031749
8300,0.42313095238095244
5038,0.35882261904761903
7582,0.81374444444444438
9561,0.45236587301587305
7430,0.4398043650793651
5045,0.86332182539682534
10421,0.1662440476190476
5675,0.33133412698412701
4687,0.44299563492063482
4944,0.67531825396825385
5105,0.71225238095238108
148,0.25755714285714282
6371,0.29771944444444443
8108,0.26591865079365079
4354,0.36250000000000004
6077,0.87956904761904764
4292,0.53144285714285733
10068,0.43446111111111119
5821,0.32508571428571431
1042,0.91770079365079382
7715,0.1767265873015873
9703,0.077085714285714285
2761,0.63790952380952393
7002,0.4096805555555556
7313,0.45093015873015879
9050,0.61480119047619064
5518,0.15419523809523811
10556,0.74740389610389613
1078,0.45818095238095241
9699,0.26497341269841274
10445,0.74516547619047602
8748,0.65849047619047618
2960,0.36425714285714289
4317,0.21340873015873016
939,0.50560476190476189
8423,0.35683650793650795
5196,0.28092500000000004
8151,0.45807896825396827
7199,0.94363452380952406
1574,0.36813928571428567
8566,0.41093968253968255
7389,0.33420912698412697
1177,0.39759285714285714
10282,0.82305670995671021
10098,0.59735436507936501
4512,0.25165634920634922
4055,0.89013452380952374
8431,0.56433809523809519
4532,0.42714523809523813
10450,0.18701904761904761
5754,0.89434365079365086
1882,0.65831944444444446
1563,0.87889404761904744
4871,0.84659642857142858
8440,0.34836626984126967
3253,0.40462500000000001
8270,0.40373416305916304
4610,0.29298769841269839
9619,0.31110317460317466
8786,0.14129404761904762
2889,0.89320555555555547
9781,0.53814841269841274
5061,0.86640833333333334
7059,0.95187500000000014
2064,0.95521190476190476
1587,0.61870793650793654
1934,0.64722619047619034
5516,0.27931991341991341
9853,0.33570595238095235
7867,0.27398935786435791
1556,0.65608733766233784
5495,0.58525119047619045
4274,0.55588333333333317
8177,0.16418055555555555
9491,0.87074642857142859
9813,0.2009788961038961
2205,0.15343095238095236
2710,0.291831746031746
2992,0.34289761904761895
7998,0.21753015873015874
6428,0.52217658730158723
6638,0.54704325396825393
3035,0.62924761904761894
1578,0.67834935064935065
1324,0.54699642857142861
2316,0.56984639249639246
9326,0.33250793650793653
7359,0.70971865079365071
7741,0.6165880952380951
5143,0.25546190476190472
8196,0.46257619047619036
630,0.029466666666666665
8481,0.77848134920634926
8497,0.071317857142857141
5409,0.79187770562770565
5749,0.29511865079365079
8219,0.45930198412698414
9571,0.56354801587301584
4886,0.83791388888888885
5367,0.32763492063492061
1185,0.23433333333333331
8291,0.49974285714285721
1590,0.33555555555555555
7698,0.41118214285714294
51,0.57969206349206348
8784,0.45810912698412692
3928,0.41623730158730154
5987,0.053852777777777784
7008,0.75487936507936526
7482,0.67925476190476175
9374,0.5232916666666666
1296,0.87703809523809528
10289,0.88415515873015871
2986,0.20407499999999998
4651,0.27008690476190472
8594,0.61853373015873003
7469,0.46302896825396822
2871,0.39770382395382387
1903,0.73208333333333342
8571,0.86060277777777772
4832,0.56948852813852802
1242,0.44281161616161607
7115,0.36588690476190472
3599,0.55799206349206354
2065,0.30310277777777778
4529,0.22617857142857145
763,0.68392857142857144
6698,0.69405555555555543
2002,0.82612619047619051
2020,0.74428293650793664
5229,0.54061507936507924
8243,0.28745873015873014
6936,0.50557142857142867
9360,0.42256468253968243
4360,0.35547738095238096
7951,0.23956385281385278
6701,0.45974603174603174
7574,0.56709880952380942
2426,0.38604365079365077
1681,0.91045324675324713
7135,0.32467182539682532
3688,0.24573055555555556
3872,0.44440714285714283
558,0.49936587301587304
2228,0.55902023809523815
8170,0.2996813492063492
7171,0.29594444444444451
7756,0.053702380952380946
3609,0.30234166666666662
3985,0.34749794372294374
1139,0.86348214285714275
3453,0.3863380952380952
7583,0.30874404761904756
9788,0.97837976190476195
10175,0.38140753968253971
6059,0.48306507936507942
104,0.3400777417027418
10168,0.50818650793650799
8902,0.67434285714285713
5343,0.92931190476190484
4239,0.16184523809523807
6767,0.73435555555555565
6269,0.33610357142857133
6682,0.52487777777777778
9558,0.66905790043290048
2416,0.24952142857142856
6592,0.42623531746031756
6196,0.34125036075036075
2751,0.90956785714285704
3412,0.83592500000000003
8302,0.82187777777777771
1120,0.77980595238095241
8005,0.26032619047619043
6637,0.34498095238095239
6440,0.2661202380952381
6679,0.66151309523809532
8039,0.96641825396825387
5357,0.8012853174603175
8844,0.72968214285714306
2964,0.22263690476190479
6040,0.34177406204906213
7259,0.67459841269841259
8974,0.47350952380952382
7439,0.29008690476190474
1045,0.64729404761904774
7706,0.43059007936507931
9724,0.33614285714285713
3698,0.44667261904761896
7339,0.87171190476190485
1749,0.83172857142857137
7257,0.78366507936507968
2963,0.83630158730158721
7775,0.20090793650793651
10501,0.29446984126984127
4258,0.50805396825396831
7908,0.83826785714285723
722,0.40137063492063491
6519,0.60349177489177486
6916,0.33568095238095241
4456,0.78250793650793671
2731,0.84699563492063501
917,0.65678452380952379
4107,0.42469484126984136
7894,0.314197619047619
2540,0.70442142857142831
8455,0.81685476190476181
10406,0.87457261904761918
8909,0.69851666666666667
5489,0.12555436507936507
306,0.50594722222222233
3894,0.53084163059163048
2735,0.45214285714285718
4939,0.39915000000000006
1551,0.46624047619047621
777,0.45739404761904762
2160,0.95296666666666663
8599,0.75692777777777764
2727,0.73144761904761901
6362,0.37565476190476188
1417,0.96311904761904754
10343,0.58907817460317469
4866,0.82216904761904763
2682,0.35073174603174601
9856,0.06037738095238096
4498,0.32891652236652236
7450,0.40444999999999998
6899,0.32219325396825393
5649,0.75320912698412712
6086,0.30143849206349216
1618,0.17976309523809522
9926,0.14807738095238096
2847,0.3942881313131314
8099,0.56365238095238102
5724,0.47640357142857148
3358,0.63872857142857153
8136,0.16508214285714287
955,0.37157738095238096
8819,0.37657658730158733
5832,0.70439563492063484
10413,0.68910198412698398
6548,0.089142857142857149
8407,0.3554654761904763
10090,0.61553452380952389
8564,0.12893214285714286
808,0.94142777777777797
5303,0.63693571428571438
8913,0.93121071428571434
9425,0.89892261904761905
9543,0.58005714285714294
1219,0.76327619047619044
9575,0.90316865079365094
4019,0.54986547619047621
6223,0.89703888888888894
9588,0.21530833333333338
4739,0.18275173992673996
10492,0.46163214285714288
2017,0.45443416305916301
5524,0.89140833333333336
7449,0.91852380952380952
5734,0.13390198412698409
5456,0.33139603174603177
797,0.80594880952380943
5525,0.41396944444444445
8265,0.57696309523809508
1981,0.87582976190476203
8977,0.91378333333333317
6241,0.7493940476190476
6021,0.57783163780663782
7720,0.21606150793650794
8632,0.40900039682539679
6705,0.545695695970696
2476,0.35682142857142857
3510,0.65058611111111098
8887,0.69326904761904762
10115,0.54766626984126976
9061,0.61737142857142846
5570,0.21994166666666673
2763,0.74727665945165911
1437,0.8049675324675325
3448,0.33094206349206357
3529,0.25114285714285711
3156,0.14463888888888893
4604,0.6421460317460318
6776,0.8633238095238096
10227,0.69673214285714291
1545,0.49623214285714295
10487,0.32847976190476191
993,0.21507380952380953
1161,0.9621666666666665
7975,0.8903738095238094
1591,0.27946269841269838
7804,0.68776814574314582
5048,0.27043571428571433
10454,0.8158011904761906
3567,0.39664841269841272
5886,0.37660634920634928
9937,0.49539761904761898
3931,0.60158293650793659
9706,0.76265753968253958
10193,0.86086309523809523
5569,0.8046321428571428
9747,0.16575952380952383
2217,0.57603932178932182
5936,0.27220198412698415
3885,0.60274166666666684
1086,0.13966746031746033
1799,0.58177142857142849
9763,0.76881190476190475
3299,0.33576388888888892
8268,0.63355436507936513
473,0.48101785714285716
337,0.94946147186147201
9381,0.54010238095238094
6426,0.47566547619047606
1210,0.53082142857142856
4986,0.29013293650793648
8285,0.54596349206349204
2024,0.48363484848484856
245,0.91483589188589176
4807,0.68963333333333332
2208,0.77852698412698418
9835,0.16413412698412697
8963,0.2743369047619047
9946,0.76243571428571433
5230,0.37410634920634933
2788,0.64403650793650802
674,0.37457348484848491
1629,0.67021940836940841
2300,0.30317301587301587
169,0.11951937229437232
3575,0.51437738095238095
6910,0.15968690476190475
1479,0.5050055555555556
10498,0.31280793650793653
8062,0.62285912698412704
9672,0.3120809523809524
9467,0.61444523809523821
6763,0.66607500000000008
8508,0.20923452380952381
1034,0.44216269841269851
3756,0.077847619047619054
9263,0.39132904040404032
8141,0.56113730158730157
532,0.48187619047619046
7022,0.4241071428571429
4024,0.24940158730158726
3298,0.27738253968253962
5641,0.28793809523809527
10455,0.59631190476190477
5206,0.52290198412698419
7005,0.17188452380952385
8971,0.25352738095238092
8358,0.8023285714285715
257,0.60324166666666679
78,0.84004126984126981
6333,0.45612539682539688
7969,0.30709047619047619
2505,0.26411475468975465
2004,0.71341262626262636
3748,0.90622619047619046
5668,0.13645595238095237
365,0.50564722222222214
9651,0.2788146825396825
2324,0.35975634920634925
3902,0.23071666666666668
9294,0.55813571428571429
5377,0.49606904761904758
2817,0.51540317460317464
7670,0.49344166666666661
4755,0.1982416666666667
255,0.80167619047619032
2714,0.47034166666666671
2922,0.49120833333333336
5517,0.80209047619047602
5157,0.50311706349206342
64,0.12215555555555556
5300,0.30236028138528137
451,0.19990119047619048
3941,0.53497857142857153
326,0.40909880952380945
3757,0.43931190476190479
8798,0.31136944444444442
2315,0.44962698412698421
6755,0.69317218614718612
2916,0.64872857142857143
7406,0.63777261904761906
3703,0.68998928571428564
5403,0.2578630952380952
622,0.30591150793650795
9,0.79094603174603184
5848,0.43752539682539687
8670,0.10285555555555553
1156,0.26234285714285716
10179,0.40137619047619033
2028,0.84991666666666665
3924,0.77214484126984129
620,0.20186269841269844
1963,0.64491666666666669
4537,0.29754166666666659
8970,0.28990357142857143
3024,0.85999285714285711
6140,0.58549444444444443
1866,0.46896825396825398
4442,0.86630000000000007
2312,0.2127130952380952
6749,0.54787261904761897
459,0.45844999999999997
1516,0.52150714285714284
8817,0.50734372294372299
4912,0.2044488095238095
2076,0.53924960317460324
10023,0.88274880952380952
7684,0.6233428571428572
3531,0.33208647186147189
6209,0.76905198412698417
10508,0.7221063492063492
8678,0.41955833333333337
3541,0.23923571428571436
1208,0.54110555555555562
4090,0.47025833333333333
1097,0.24173015873015874
5099,0.83451547619047628
2816,0.52198452380952387
4291,0.16879563492063493
1409,0.37750476190476195
6401,0.28711150793650797
4617,0.45919523809523805
6111,0.087576190476190502
6172,0.73971706349206345
10357,0.16128809523809526
8465,0.89662380952380949
3867,0.70592420634920616
9495,0.72698452380952383
4348,0.68288333333333329
7879,0.50352619047619052
9273,0.64565357142857138
3252,0.39298095238095238
9167,0.61551190476190487
2573,0.14265238095238095
7395,0.24880317460317464
9046,0.59491626984126966
1526,0.34246547619047618
9339,0.37264126984126983
10301,0.42222222222222217
7588,0.62707857142857137
1104,0.18250238095238094
1310,0.36988055555555555
6631,0.24218134920634921
10475,0.49188658008658009
9090,0.42503423520923522
1528,0.37254682539682538
1657,0.96704999999999997
1175,0.46004126984126981
1895,0.31784642857142859
3864,0.4162520562770563
4700,0.32565948773448777
3572,0.26700000000000002
10507,0.30915357142857147
269,0.50675238095238095
5744,0.42573542568542572
1687,0.58172698412698409
3020,0.1605904761904762
4974,0.93662063492063496
5119,0.28329761904761902
1916,0.83076944444444445
6687,0.93350119047619029
2197,0.40731850649350654
8641,0.79576309523809552
10073,0.78466626984126986
1967,0.24300119047619045
4999,0.33423730158730158
9816,0.45016904761904758
734,0.85221666666666662
9665,0.7357515873015873
5092,0.74695873015873027
2591,0.94040432900432913
9877,0.91973174603174612
4601,0.78656626984126987
7734,0.2479523809523809
7185,0.60849801587301589
6405,0.19848809523809524
7003,0.31748300865800855
928,0.56655873015873026
6490,0.41337380952380953
1586,0.18772103174603175
10139,0.88660562770562779
1192,0.88726428571428595
10526,0.093483333333333321
5544,0.75191551226551223
8779,0.46974768009768009
4497,0.44970952380952378
3059,0.81236626984126981
2181,0.3545880952380952
2303,0.4985
1190,0.67155634920634932
1468,0.17938333333333334
8771,0.54656865079365069
8997,0.34765238095238088
6365,0.87928571428571412
10355,0.1319484126984127
3478,0.44841349206349207
3764,0.45660595238095247
3542,0.26687619047619049
4941,0.16461507936507933
1840,0.6091182539682537
463,0.26574484126984116
7407,0.42742579365079358
7711,0.59831269841269841
6044,0.4515392857142857
3750,0.82562936507936491
10114,0.24280992063492063
1332,0.83820952380952363
425,0.92650952380952389
3479,0.97430952380952374
1979,0.44985357142857146
2994,0.52204047619047622
207,0.61005753968253973
5820,0.84060634920634913
9187,0.53471587301587298
5423,0.39183517316017313
2743,0.68762380952380953
2902,0.86987380952380955
9126,0.85691587301587302
7903,0.42498055555555547
4100,0.68656785714285717
3578,0.30162817460317459
6061,0.46405119047619048
5081,0.16966626984126981
4575,0.59934285714285718
6695,0.34867496392496383
5960,0.69925277777777783
10186,0.16573571428571429
6795,0.41934047619047621
10022,0.475077380952381
5841,0.41176071428571426
7481,0.088448809523809527
9331,0.56477500000000003
400,0.87541785714285714
6907,0.47014841269841273
10393,0.28313452380952386
3709,0.9050880952380953
4726,0.64398928571428549
3007,0.22954761904761903
4723,0.10918174603174603
597,0.21533809523809525
1810,0.78216792929292922
4131,0.49544801587301585
4697,0.79688134920634923
8838,0.8773333333333333
5956,0.32255317460317462
4196,0.82117388167388161
63,0.5762166666666666
1714,0.57018690476190481
904,0.22639404761904758
9715,0.27648571428571428
4,0.24740790043290045
5462,0.69216706349206347
259,0.2737841991341991
5418,0.28717857142857134
6849,0.15962976190476189
9893,0.43552698412698415
10003,0.91019285714285703
4976,0.17448650793650794
7611,0.95712619047619052
900,0.18277619047619043
3746,0.35235952380952379
3893,0.23772817460317458
2966,0.26863095238095241
9667,0.78373722943722945
9734,0.082202380952380943
8123,0.86326666666666663
8470,0.71193373015873018
4058,0.68131554834054842
4623,0.8595869047619048
3782,0.42186666666666661
7966,0.70611547619047621
6003,0.9567007936507933
2168,0.65225425685425698
422,0.26253412698412698
6381,0.59167539682539683
1136,0.78548611111111111
3443,0.35749906204906212
2214,0.43274801587301581
9973,0.9057154761904761
1593,0.31654761904761902
5474,0.8516666666666669
812,0.7436071428571428
4703,0.15080119047619048
4294,0.87840238095238088
10021,0.63740198412698412
395,0.18712420634920629
3237,0.23125992063492062
9099,0.7284964285714286
2401,0.093310714285714275
10371,0.46373571428571431
3420,0.61196904761904758
3460,0.59455079365079355
9088,0.64182330447330449
5995,0.96185039682539686
3084,0.38938452380952376
3595,0.34628214285714287
9524,0.67194801587301578
167,0.63702380952380955
9743,0.72184761904761907
6109,0.36737738095238098
433,0.085772619047619028
6292,0.42825238095238094
8125,0.30814126984126983
4035,0.52846666666666675
2929,0.68770595238095222
8810,0.7157095238095238
4403,0.58556666666666657
3925,0.89378095238095245
1290,0.36488015873015878
3689,0.38873809523809522
6709,0.20059523809523808
8021,0.4080853174603174
6237,0.68756587301587269
1453,0.2105154761904762
7340,0.47028924963924973
6078,0.37704603174603174
2369,0.16886071428571425
1781,0.21905523088023085
3830,0.74018809523809515
7625,0.5348559523809524
8150,0.30508174603174604
1680,0.38300595238095236
7077,0.19155793650793651
3360,0.72468849206349206
7927,0.8881690476190478
244,0.31945992063492062
8107,0.41426428571428575
820,0.88999960317460314
5915,0.90752023809523796
924,0.29120952380952381
9207,0.47699484126984121
4077,0.72666190476190484
6052,0.63883769841269811
508,0.61116666666666664
8105,0.25420912698412707
4405,0.23733575036075033
7558,0.27183015873015876
6094,0.79389206349206343
484,0.93879166666666658
8927,0.18788214285714289
310,0.36893603896103894
8075,0.73077698412698433
1094,0.79554999999999998
3211,0.49657380952380953
1700,0.51091028138528138
4816,0.84792499999999993
9354,0.75640436507936515
8845,0.53620714285714277
7530,0.64297142857142853
1520,0.22943174603174607
1087,0.93563571428571424
5786,0.60548888888888897
6847,0.8306
999,0.59281785714285717
5308,0.16842500000000002
6569,0.46825588023088016
10200,0.2419042568542569
5868,0.94653690476190477
1757,0.27293690476190469
4625,0.70785436507936494
2955,0.792572619047619
6187,0.81552500000000006
9931,0.47220119047619052
4883,0.49929325396825402
2488,0.91849404761904763
156,0.76507103174603175
2820,0.34237380952380958
1311,0.33825476190476184
1517,0.34951666666666664
3640,0.46477619047619056
5763,0.40624841269841266
6689,0.23345476190476191
1193,0.48937023809523816
8217,0.42393333333333333
10327,0.50274801587301587
5042,0.33176349206349204
6903,0.53037976190476199
2068,0.58923809523809534
7614,0.23235357142857138
8842,0.32053928571428569
2445,0.28876190476190472
10276,0.3486670634920635
4931,0.55025357142857145
6842,0.55928769841269843
5927,0.31549325396825401
6207,0.29584642857142857
4539,0.19217976190476191
8721,0.605245238095238
3618,0.19598214285714285
2580,0.47097500000000009
5321,0.52604083694083692
3181,0.17185238095238095
4742,0.33297976190476197
3340,0.73452936507936506
8310,0.84426587301587308
3948,0.60133214285714287
2126,0.50866031746031748
10436,0.57314761904761902
9635,0.87291547619047616
9022,0.53809761904761899
8576,0.70487976190476198
2522,0.38961666666666667
7341,0.71677500000000005
7377,0.55381825396825379
7636,0.70027182539682542
2536,0.44841666666666663
2706,0.46014325396825401
4814,0.49615833333333326
6032,0.55056904761904757
2630,0.37344523809523811
1857,0.484029365079365
5412,0.89815000000000011
1957,0.45815119047619046
9805,0.26307738095238092
9256,0.28999761904761906
1055,0.65079285714285695
8439,0.41863492063492058
317,0.73134880952380943
6126,0.20565238095238095
9970,0.34349841269841275
6008,0.40718174603174601
2811,0.46028888888888891
10214,0.36649642857142861
10337,0.20394325396825394
6563,0.21155476190476194
5611,0.65975634920634918
6358,0.49598333333333333
8446,0.28801547619047613
974,0.30975674603174597
4839,0.58211645021645031
4806,0.36890476190476185
4597,0.35000277777777783
4649,0.26452738095238093
7744,0.91985476190476201
5826,0.48668571428571433
6118,0.37156071428571419
6785,0.3977849206349206
301,0.7952607142857141
3192,0.69069761904761906
9854,0.54870357142857151
9227,0.89389047619047624
4768,0.4418285714285714
2961,0.13486904761904761
4564,0.39562261904761903
2484,0.4809222222222222
1606,0.43623531746031752
2864,0.15412738095238093
2884,0.3686936507936508
2753,0.53131666666666677
4366,0.47133333333333338
2470,0.28447774170274176
6369,0.57023928571428573
2754,0.37176031746031746
2501,0.51435793650793649
8890,0.11953174603174603
2093,0.56043373015873021
4937,0.5872492063492063
2850,0.31956865079365077
3706,0.7406357142857144
6645,0.71961309523809536
5799,0.71156547619047616
4229,0.66958405483405492
4900,0.26933492063492065
7883,0.12786587301587302
4629,0.73474206349206328
6459,0.70174484126984138
10381,0.8459956349206349
220,0.51011904761904758
761,0.44250555555555554
4264,0.57101944444444452
6633,0.24741785714285713
1424,0.7681904761904762
7017,0.43002499999999999
6901,0.43442261904761903
7126,0.3295738095238096
881,0.70513849206349211
6382,0.47977759740259751
7502,0.39569682539682532
1911,0.69780714285714285
3076,0.41332976190476195
9281,0.24837857142857145
1534,0.28390079365079363
8378,0.1605111111111111
4717,0.84929761904761902
7012,0.90553730158730161
9028,0.47519797979797979
5407,0.57393769841269837
274,0.52613214285714283
9465,0.75609206349206337
5164,0.400984126984127
937,0.34154758297258297
5264,0.68244166666666672
8051,0.34519361471861471
10304,0.32321230158730163
2403,0.062658882783882791
1697,0.96799285714285699
8142,0.48380952380952374
3734,0.29307619047619049
8487,0.50478650793650803
5123,0.67420873015873017
8726,0.24184087301587301
2336,0.85005634920634932
7376,0.12017142857142858
2793,0.27575833333333338
1998,0.22747420634920637
319,0.52258452380952369
6783,0.286040873015873
6911,0.57661634199134193
3078,0.81272103174603172
3310,0.43582023809523823
4790,0.82616785714285734
2712,0.41625714285714283
2968,0.80727500000000008
7777,0.49411071428571435
10442,0.29588015873015872
1654,0.76030714285714296
10438,0.53225595238095236
4509,0.38170238095238107
3963,0.29487142857142856
5043,0.36303373015873014
5421,0.72483333333333311
6465,0.17769603174603174
8034,0.30158293650793655
806,0.24345000000000006
1090,0.42428412698412699
1566,0.66965198412698412
10187,0.4792035714285714
2634,0.92617424242424229
569,0.91721547619047616
135,0.5616146825396825
3732,0.42646309523809528
6247,0.58894801587301582
10466,0.42013492063492064
8429,0.57593658008658011
6725,0.36779285714285725
6128,0.33027222222222224
8496,0.54531424963924979
2433,0.59893571428571435
5552,0.81239642857142846
7122,0.27659484126984124
376,0.38551934731934728
796,0.4042642857142858
6121,0.36073174603174607
8960,0.28420714285714294
5686,0.18181111111111109
2213,0.47456904761904761
6602,0.6075099206349206
3357,0.83609285714285719
1997,0.19987142857142856
691,0.37572380952380957
4370,0.83456944444444447
9660,0.84043174603174597
7189,0.48420912698412699
6660,0.37831388888888901
2074,0.6388142496392496
5375,0.7136313492063493
1816,0.79943387445887459
9802,0.77978650793650794
7654,0.91043769841269828
3784,0.63560119047619035
9604,0.85388095238095252
6397,0.48807857142857136
7125,0.68621428571428578
1460,0.22022222222222221
5718,0.48698809523809528
5452,0.74209801587301594
7064,0.87383690476190479
8272,0.83307658730158729
3620,0.68962499999999993
2772,0.67302976190476194
5150,0.10359801587301586
125,0.34102380952380956
1005,0.22932619047619046
616,0.59865515873015873
9056,0.56361955266955277
3972,0.56102460317460312
746,0.51940079365079361
10286,0.54328095238095231
723,0.50661428571428579
1283,0.48473214285714283
8009,0.75966984126984138
8509,0.29240436507936513
8220,0.56602904040404045
7393,0.94362705627705634
8499,0.42133809523809529
3789,0.35101904761904762
9658,0.492270634920635
8171,0.28508928571428577
1985,0.64616785714285707
733,0.17255263347763344
6706,0.28036349206349209
6282,0.21494007936507942
7243,0.35809307359307352
3995,0.65254686147186147
4375,0.45807103174603175
1647,0.57731587301587306
9306,0.79048333333333332
9272,0.30141797924297925
9464,0.19904285714285713
5340,0.19533293650793648
5475,0.89474397546897555
4911,0.90361190476190489
9315,0.55263333333333342
811,0.42522619047619042
6395,0.19335277777777773
3229,0.89965952380952385
2250,0.34525119047619041
8433,0.4527809523809524
10428,0.34761428571428576
10461,0.12757301587301587
8408,0.80630000000000002
3945,0.73191172438672436
863,0.86154285714285694
4683,0.50680515873015874
1162,0.91337063492063486
9132,0.59660039682539678
1076,0.32557936507936508
7236,0.22785266955266961
3218,0.58335634920634916
6866,0.26135119047619043
4997,0.69017261904761906
9121,0.58616230158730165
8696,0.24804404761904764
3313,0.37770238095238096
1421,0.49011031746031747
80,0.36941309523809529
8163,0.57628769841269845
4583,0.85874841269841284
4053,0.63699246031746015
8693,0.40835595238095246
4139,0.4857543650793652
6976,0.63052929292929283
3549,0.51917499999999994
5534,0.25078095238095238
1638,0.48166904761904766
6375,0.7736023809523811
1008,0.58595158730158747
9120,0.94902500000000001
8071,0.46964246031746038
3266,0.65064880952380966
10482,0.60314126984126981
5288,0.47496428571428573
6302,0.47192460317460305
2183,0.38560119047619057
9199,0.14740714285714282
5441,0.22641309523809525
4418,0.55056746031746029
7287,0.34401190476190469
1532,0.70014325396825394
2978,0.41482817460317456
1230,0.39160710678210681
6423,0.81944761904761909
9643,0.49059331501831505
5142,0.50253290043290033
9368,0.2899396103896103
6132,0.69477976190476209
9031,0.58303253968253965
4767,0.72306507936507958
844,0.33407619047619053
10296,0.68547103174603186
9045,0.54087023809523815
10469,0.28727857142857149
9223,0.25330674603174602
9340,0.33967738095238098
1226,0.34611547619047628
686,0.56565833333333326
4037,0.62435595238095221
7620,0.20252579365079365
9322,0.86590238095238103
2943,0.19737817460317458
6549,0.43580595238095238
8124,0.28368809523809524
1803,0.47849920634920623
8025,0.044422222222222224
368,0.4842103174603174
3660,0.33825515873015871
4943,0.67810793650793644
9143,0.29993809523809528
958,0.76820238095238091
4272,0.13876428571428567
200,0.28916944444444442
7314,0.80849841269841283
7827,0.65148214285714279
252,0.23083809523809526
2242,0.76783293650793649
2804,0.39442817460317464
8802,0.2147634920634921
7645,0.77873769841269858
7228,0.64830833333333326
9200,0.35215674603174602
4738,0.83600595238095243
4513,0.68276666666666652
7999,0.30523134920634926
3938,0.41104603174603183
8127,0.78236111111111117
9265,0.21436428571428576
7353,0.87429999999999997
4772,0.86339404761904759
4461,0.36955753968253968
1335,0.38681190476190475
9018,0.75720119047619028
10460,0.92020119047619031
7956,0.3828190476190475
1238,0.1882388888888889
2552,0.71053571428571427
6517,0.82386829004328999
5925,0.91231428571428563
7413,0.70375357142857153
3728,0.24552900432900429
1103,0.90467182539682545
3704,0.66701785714285711
8413,0.47560119047619054
4533,0.49752619047619051
5449,0.87203809523809528
7306,0.16103214285714285
1401,0.92513571428571428
7365,0.81720476190476177
8363,0.24760198412698411
3656,0.6677440476190476
5683,0.5944396825396826
1940,0.58941746031746034
8674,0.42993650793650789
6745,0.65379047619047626
4431,0.89745129870129858
2263,0.80982658730158741
7506,0.73413452380952393
4059,0.27026349206349204
4588,0.21234365079365081
8692,0.65423690476190477
7258,0.67464880952380957
5448,0.89187539682539674
8865,0.15953928571428574
1119,0.53039007936507943
7642,0.51438293650793654
9981,0.86183968253968257
181,0.78252936507936499
7528,0.72772658730158735
9086,0.8322166666666666
4963,0.44824404761904757
5292,0.22670436507936512
1254,0.46319285714285718
2125,0.71015595238095219
5601,0.75896587301587304
2758,0.90215595238095236
1922,0.53664246031746043
5440,0.18028412698412694
3001,0.79937380952380954
4011,0.17341428571428574
8604,0.31978953823953826
2779,0.49848055555555559
1568,0.45934563492063496
10123,0.53691150793650799
9053,0.47538095238095235
8028,0.60771547619047628
82,0.43987142857142864
2845,0.92411547619047596
10221,0.607325
8598,0.30361309523809521
5011,0.7971015873015872
7401,0.42326825396825396
8687,0.88298928571428559
8767,0.76163214285714287
10046,0.26875270562770565
1920,0.3905412698412698
4364,0.79199523809523809
9395,0.29120476190476186
3602,0.34244285714285722
9038,0.53766150793650791
7786,0.37540714285714283
5106,0.82032142857142842
9337,0.4842178571428572
1575,0.39521309523809522
10291,0.53836230158730181
2965,0.56122777777777766
1478,0.073573809523809527
3625,0.52912857142857139
7329,0.86964567099567103
4116,0.67145595238095246
9136,0.55652539682539692
6870,0.47603849206349202
4073,0.84591428571428562
7863,0.35027164502164504
7437,0.31171428571428567
278,0.67713809523809521
1977,0.37492698412698416
8570,0.39207619047619047
6800,0.42673492063492063
8964,0.301338492063492
7534,0.96861666666666657
6539,0.77178888888888886
645,0.58381468253968261
8223,0.46493968253968254
610,0.54232261904761903
1512,0.8421503246753248
8340,0.92905833333333343
4524,0.38748095238095243
7465,0.27890595238095245
6313,0.44759404761904764
1873,0.48948730158730153
1015,0.85823048340548336
444,0.23317380952380948
4967,0.51657261904761909
8988,0.50651904761904765
3199,0.27670310245310253
8020,0.73228214285714277
6103,0.26974999999999999
362,0.31853412698412703
7325,0.37444166666666678
5730,0.23911626984126982
10448,0.84142023809523814
1452,0.35432341269841272
6669,0.38608333333333328
7892,0.41119285714285708
7859,0.73854285714285695
5866,0.47333730158730158
2970,0.41543690476190465
9609,0.31881388888888879
893,0.39467460317460323
4176,0.23220119047619048
4280,0.5108976190476191
3970,0.41509761904761905
4516,0.27950515873015874
7503,0.4970599206349206
7955,0.95291666666666675
9852,0.95323571428571452
8380,0.69266111111111128
9284,0.73666785714285721
10386,0.18620714285714282
4004,0.42108095238095233
5328,0.22393849206349206
9274,0.7382547619047618
4646,0.20783571428571429
396,0.69037692307692311
5513,0.44319047619047619
4117,0.73415595238095233
3751,0.38862460317460307
9767,0.61437857142857122
1071,0.44055119047619046
7812,0.37811825396825394
5059,0.38561230158730153
2667,0.51248373015873006
9304,0.35161626984126987
10385,0.36653333333333343
7930,0.54389325396825394
5225,0.28591616161616162
9839,0.47349761904761895
2831,0.44532380952380951
2387,0.84519126984126991
3433,0.818247619047619
5101,0.85250119047619033
6357,0.98435000000000006
5476,0.69148134920634918
3807,0.83031507936507931
10232,0.50069960317460305
1508,0.64569880952380954
6993,0.71592857142857158
5505,0.43867380952380958
6009,0.1415079365079365
5301,0.91230714285714309
6766,0.43599960317460312
2248,0.42865447330447337
8572,0.39950263347763348
852,0.54453831168831168
7871,0.96204404761904738
6926,0.45629206349206347
10220,0.83187420634920628
9007,0.97625000000000017
6990,0.78267420634920637
2012,0.52872976190476184
5645,0.44690079365079372
9091,0.86741547619047632
3797,0.37805833333333333
7201,0.24460833333333334
672,0.94178333333333319
1257,0.94907023809523794
2010,0.2346630952380952
8222,0.87890238095238105
9636,0.66403928571428572
2746,0.41463293650793659
2919,0.50656031746031749
5231,0.082748809523809516
5625,0.47326652236652234
10254,0.4671674603174602
2651,0.33998055555555551
1740,0.8869856782106782
3212,0.33412341269841273
10502,0.16225158730158731
7139,0.27668690476190477
7210,0.58194523809523802
10049,0.62569880952380952
1621,0.74333076923076935
2301,0.20671865079365076
5798,0.69350119047619041
3812,0.81372738095238106
6190,0.5070944444444444
5503,0.28346388888888885
9972,0.26448015873015873
5646,0.21071150793650792
2003,0.80108333333333326
1069,0.60696388888888897
9656,0.17929285714285717
279,0.78745833333333337
4328,0.65194801587301576
7105,0.45858571428571421
1643,0.36315357142857146
3108,0.53972777777777781
3106,0.32804285714285714
1626,0.09738928571428572
9838,0.52229444444444439
6994,0.82049523809523806
3463,0.58697857142857146
781,0.58203928571428576
4337,0.041041666666666671
1639,0.28608095238095232
416,0.29343730158730152
7687,0.77695595238095239
9610,0.63192979797979798
2519,0.52834325396825399
10210,0.29002261904761911
8633,0.83436190476190464
1276,0.9247238095238095
4764,0.48723968253968258
7674,0.45396071428571422
6550,0.39886190476190475
3853,0.48385793650793651
341,0.1834138888888889
6258,0.30127023809523801
1884,0.4693277777777779
2855,0.37888214285714289
2196,0.32244866522366528
5326,0.78508571428571439
6380,0.72740952380952384
5580,0.2451952380952381
4563,0.31157445887445889
10414,0.83503849206349212
3226,0.79323928571428592
3175,0.84678333333333333
9457,0.3829218253968254
1705,0.18325238095238094
5910,0.43888968253968258
375,0.48499404761904763
10333,0.55201904761904752
3852,0.31575793650793643
1971,0.49620833333333336
8720,0.55221587301587294
1860,0.47954126984126982
10349,0.35057341269841269
4605,0.32987182539682541
7358,0.59834880952380931
8258,0.51834404761904762
5678,0.26113214285714281
694,0.9743412698412699
8482,0.077919444444444458
1924,0.3426690476190476
3716,0.80600707070707078
3282,0.21945476190476187
5746,0.61477380952380956
1518,0.75366666666666671
8741,0.47617976190476197
7630,0.24775952380952385
8276,0.23986277056277058
6939,0.48267579365079366
1435,0.45632301587301582
8157,0.76798333333333324
1041,0.41067301587301586
4478,0.47261269841269837
8307,0.26098452380952381
2094,0.93075396825396817
5916,0.48937539682539682
9848,0.85860357142857135
4803,0.71216468253968268
2147,0.33806190476190484
295,0.80292182539682544
861,0.47510992063492058
3822,0.73761468253968265
5609,0.86435357142857139
9450,0.18617142857142854
4122,0.53458968253968253
10558,0.40300952380952382
4285,0.1846190476190476
6184,0.43382738095238088
7295,0.14430238095238099
1926,0.62533932178932172
5026,0.50898888888888905
7952,0.87603535353535344
4194,0.67508928571428573
639,0.44081626984126993
2130,0.29826269841269837
3119,0.59234285714285728
3251,0.19713253968253969
5803,0.71265912698412681
9553,0.45665595238095252
5937,0.7849154761904763
2133,0.2246293650793651
693,0.51993055555555567
5944,0.93259563492063502
2227,0.81648412698412698
9915,0.32450000000000001
4044,0.45730952380952378
6033,0.29420551948051943
3270,0.94163809523809516
7050,0.38017575757575756
6185,0.5998230158730159
7984,0.54603373015873014
2109,0.95578333333333332
2244,0.22362619047619051
2481,0.53959191919191929
4332,0.8128496031746032
6016,0.5331297619047618
10162,0.66097222222222229
2453,0.52394761904761911
6228,0.1954357142857143
6166,0.37497777777777774
1411,0.57829166666666676
254,0.64717936507936513
7479,0.63753134920634924
1476,0.21124285714285718
7801,0.61529563492063477
4988,0.37272976190476198
4694,0.41430912698412703
10194,0.39606904761904765
2574,0.85596388888888897
8334,0.30732976190476186
419,0.37307420634920641
8643,0.40764761904761904
2548,0.086507142857142852
4615,0.53603336940836943
8772,0.49125873015873017
10463,0.80244285714285701
6756,0.68330753968253977
1503,0.77129404761904752
4095,0.41786468253968251
1723,0.85500714285714308
8829,0.83143730158730145
10085,0.35726904761904765
4796,0.23898690476190479
9756,0.40362261904761904
2158,0.075178571428571442
7273,0.41895952380952389
3056,0.4081400793650794
656,0.42406428571428567
3074,0.55568181818181817
4661,0.65305079365079366
3958,0.35579960317460319
4311,0.42879880952380955
8375,0.85271230158730171
7442,0.48009523809523807
3839,0.50878690476190469
6179,0.59175952380952379
3786,0.47194563492063496
8520,0.11674603174603172
3664,0.11498571428571429
2014,0.45578174603174604
8298,0.40103293650793653
4220,0.21405238095238091
10127,0.8872392857142859
6182,0.48271706349206345
3206,0.78497380952380957
8503,0.68228174603174618
5682,0.85403333333333309
5699,0.44168095238095229
6215,0.87111269841269834
1394,0.057581818181818185
9582,0.38433095238095244
10070,0.75641706349206361
4940,0.87868928571428573
4193,0.71526904761904753
3400,0.5111646825396825
4785,0.24879880952380951
7460,0.71532023809523826
5838,0.43309126984127
2503,0.24357420634920629
2730,0.64378214285714286
7156,0.35602896825396829
5511,0.88639999999999985
438,0.62300238095238103
2233,0.86070992063492058
2016,0.23167099567099564
139,0.19900357142857136
384,0.2015958152958153
2313,0.30123412698412694
5145,0.95906825396825401
7864,0.25668452380952378
1195,0.95652261904761904
5365,0.32026190476190475
6977,0.29558849206349203
10001,0.36152738095238096
567,0.14541865079365079
9950,0.88343253968253965
157,0.05185
6553,0.65558928571428565
7337,0.54966471861471855
349,0.63678174603174598
4874,0.18585000000000002
10313,0.79401071428571435
8421,0.29527579365079365
9469,0.12602380952380951
9314,0.7287988095238096
3663,0.11702619047619046
7216,0.19325912698412698
8871,0.21848452380952377
5743,0.58162734487734469
2072,0.57418492063492055
2654,0.42016428571428571
5908,0.28177579365079364
9863,0.29810833333333331
457,0.48822976190476192
6965,0.18475833333333333
3030,0.09513253968253968
7765,0.25513730158730158
748,0.16842619047619048
6304,0.41820317460317463
9606,0.30223492063492063
10351,0.21470476190476193
406,0.70501493506493507
8120,0.095955952380952378
8486,0.89714523809523805
6998,0.95085952380952377
77,0.83291468253968237
841,0.28268253968253965
7709,0.34092380952380952
7404,0.79905039682539691
5606,0.52407023809523812
965,0.82504599567099579
3163,0.18692142857142857
10192,0.60417182539682535
6163,0.50847420634920648
9865,0.39878856421356418
9518,0.37855559163059155
1267,0.53124920634920636
2051,0.84723008658008669
2046,0.4429277777777777
1464,0.65099801587301576
2153,0.16195912698412696
6612,0.61020079365079372
4971,0.53352619047619043
866,0.095743650793650784
4124,0.44198650793650796
5086,0.51658650793650784
4351,0.64715912698412692
8101,0.44976825396825393
7912,0.5770440476190476
2504,0.78804267399267403
2837,0.28751071428571423
2034,0.52902142857142853
4844,0.29433419913419911
7780,0.23052698412698414
5901,0.25540119047619048
3296,0.44608333333333333
7299,0.44008134920634917
8574,0.49954007936507938
7472,0.98107380952380951
2276,0.52084523809523808
5980,0.49933452380952387
3184,0.2832972222222222
4359,0.27100595238095243
1064,0.27508968253968247
9039,0.41212976190476197
6376,0.10901071428571428
1706,0.68105753968253968
7970,0.13791904761904764
3540,0.80421785714285732
1407,0.3605031746031746
4561,0.3306452380952381
6691,0.57110126262626248
7172,0.24749166666666667
1923,0.64726309523809511
4407,0.9610333333333333
6777,0.52388095238095245
2600,0.38284285714285715
1936,0.051507142857142869
9778,0.47035357142857143
2766,0.44504365079365082
6668,0.44333492063492058
9013,0.26597063492063494
4319,0.1010106782106782
3263,0.33406111111111114
1612,0.81677857142857146
5132,0.84619365079365072
216,0.93065714285714296
7232,0.35803452380952377
9373,0.30848690476190477
5030,0.38020515873015875
10107,0.83275198412698415
8309,0.90054920634920632
8449,0.86939999999999995
6961,0.7947630952380953
4954,0.4448031746031747
7344,0.48496150793650789
8146,0.90654642857142853
1132,0.70703571428571432
6145,0.78460952380952387
1353,0.48062777777777776
3624,0.70675714285714275
5058,0.43518809523809526
9789,0.33614166666666667
7290,0.46508928571428571
8583,0.41070992063492062
1088,0.72386309523809522
9210,0.34814484126984119
8240,0.43051785714285712
3326,0.30867500000000003
6315,0.82140952380952381
8410,0.5526376984126985
4535,0.44652539682539688
5991,0.24311587301587301
1874,0.39940753968253973
1898,0.30410476190476188
3557,0.89936071428571418
8587,0.69689054834054842
4190,0.25945414862914867
7261,0.70316706349206359
6854,0.28030238095238091
9375,0.707497222222222
6317,0.81014238816738815
7713,0.78957222222222245
7058,0.86508015873015887
7628,0.36315000000000003
3513,0.26906349206349206
7953,0.78550595238095244
3445,0.4925250000000001
8461,0.5158611111111111
2834,0.30866230158730162
3414,0.33375674603174599
9262,0.81831190476190474
9235,0.54148852813852832
3146,0.33205476190476185
3379,0.5054940476190477
1701,0.44612698412698415
5527,0.34516266233766241
8031,0.83656309523809524
4032,0.48257380952380957
9782,0.77486587301587295
7656,0.34460443722943723
2985,0.97113452380952381
9334,0.59575992063492045
3343,0.19718134920634925
4760,0.26605634920634919
10311,0.63675634920634927
2609,0.65899734432234436
5117,0.18385436507936501
6724,0.73916904761904756
671,0.74797658730158734
798,0.37504437229437226
2341,0.34459365079365073
4262,0.79698214285714286
1950,0.44932857142857141
799,0.90969444444444436
2575,0.94678333333333331
660,0.88059880952380942
6432,0.80903095238095224
3168,0.85597738095238107
7435,0.93630039682539679
4010,0.7079642857142856
2882,0.70033769841269855
5930,0.6250019480519482
7716,0.54138373015873009
4054,0.53473015873015894
3148,0.37951890331890331
670,0.37367500000000009
3519,0.23440555555555551
5770,0.38574841269841265
8876,0.40813142135642122
8357,0.42539942002442005
1620,0.6931273809523808
8558,0.24637619047619047
6786,0.77140634920634921
3825,0.36417142857142853
5857,0.15036984126984126
7685,0.7090833333333334
3947,0.89374285714285717
6449,0.52672738095238092
8636,0.48932857142857134
6046,0.54922579365079371
3205,0.58270436507936518
9435,0.45398214285714295
6865,0.27959761904761909
281,0.9684666666666667
6922,0.6425333333333334
3536,0.85544484126984133
4555,0.23355555555555552
5364,0.6161169552669552
2483,0.81507738095238091
3524,0.84984087301587308
3117,0.4780194444444445
1152,0.19576190476190475
3912,0.51650714285714272
1297,0.89810476190476196
2896,0.20860396825396821
5804,0.53948690476190475
5722,0.53700753968253967
189,0.30532698412698417
2376,0.5229369047619048
4635,0.71202142857142858
4801,0.64475992063492049
5972,0.45931309523809527
2461,0.41096316738816741
1168,0.080778968253968228
5136,0.56703214285714298
7806,0.46700198412698402
2559,0.28221904761904754
2139,0.56004246031746019
10562,0.31512532467532467
1497,0.082608333333333325
4757,0.46039603174603166
1354,0.59044206349206352
5896,0.90441857864357866
6453,0.37152380952380959
1426,0.38620487012987015
4271,0.55601944444444451
7673,0.3916511904761904
7782,0.17938095238095242
8181,0.56313690476190481
1797,0.5526630952380952
8615,0.83287142857142848
3097,0.8072285714285713
5306,0.38779920634920639
9633,0.40796349206349208
8700,0.46200288600288592
9876,0.64764880952380965
8045,0.43014956709956703
7750,0.21922261904761906
6370,0.15838333333333335
7093,0.49457261904761896
8018,0.45789325396825392
1118,0.54622857142857151
4849,0.95909047619047616
9627,0.74821904761904778
829,0.42909801587301588
4164,0.24052698412698412
1707,0.90388571428571429
6752,0.37624801587301582
6236,0.70518888888888909
4052,0.40434603174603173
5283,0.48389523809523804
2856,0.73058015873015869
4630,0.70233928571428561
9563,0.64119880952380959
6576,0.97110396825396839
5721,0.27674404761904764
4305,0.33444404761904767
8972,0.30563928571428578
1694,0.92427619047619025
3582,0.54865238095238089
3913,0.29462499999999997
470,0.53260873015873
4195,0.71944682539682536
3422,0.37163730158730157
9744,0.46812222222222233
4206,0.39347182539682535
7971,0.43593333333333339
141,0.64059761904761903
1994,0.80701309523809506
1602,0.5125547619047619
1031,0.45652539682539672
9150,0.33401944444444437
8528,0.55849444444444429
7545,0.27012380952380954
7448,0.20741904761904761
1821,0.39699404761904761
10075,0.34429603174603174
5242,0.37288650793650796
822,0.11996666666666668
4826,0.5094504329004329
910,0.58658055555555566
10147,0.5100769841269841
2018,0.43464520202020196
8916,0.13420873015873017
4880,0.53147380952380952
184,0.42375912698412688
6081,0.53638809523809516
4281,0.41562142857142864
7418,0.2016583333333333
6054,0.25495158730158735
7972,0.46123928571428569
4894,0.69376230158730179
5313,0.52289246031746017
5046,0.58142023809523802
7183,0.52502182539682551
5347,0.43423174603174602
5051,0.78259404761904772
495,0.52533095238095229
5985,0.87218452380952394
1227,0.91721031746031745
7594,0.33989999999999998
6178,0.6117892857142857
9344,0.86033095238095247
3681,0.6609503968253968
2805,0.46957142857142864
8237,0.066579761904761905
5139,0.66986309523809517
2347,0.61025158730158724
1978,0.46827738095238097
7824,0.31050873015873015
873,0.74993214285714294
2569,0.40138373015873019
4704,0.57434386724386732
6974,0.55973463203463214
4454,0.37436904761904766
35,0.26998571428571427
8231,0.46915735930735925
9280,0.44460584415584431
6567,0.2297805555555556
2088,0.48387936507936513
925,0.87973412698412701
9958,0.12959047619047617
5234,0.25678611111111116
7623,0.54743571428571436
6074,0.44097619047619052
8115,0.3419678571428571
10462,0.66661865079365068
5008,0.31277023809523813
1256,0.74840000000000007
5001,0.48297427849927849
6885,0.36006904761904762
7509,0.43226785714285709
6251,0.7989964285714285
7250,0.51420521978021982
9502,0.67678650793650796
267,0.51338134920634926
4109,0.4032452380952381
819,0.24342023809523808
9397,0.66763928571428577
3707,0.39349563492063494
870,0.68184523809523812
10203,0.56980436507936505
9241,0.58064801587301584
5215,0.24945238095238093
982,0.30520238095238095
3878,0.16590952380952378
1847,0.31126785714285704
10457,0.63129841269841269
7811,0.34470714285714293
6205,0.51795634920634925
8311,0.37396309523809529
7657,0.35888373015873015
8174,0.66448055555555541
2119,0.22884047619047618
7893,0.43302380952380953
7754,0.69482665945165922
3684,0.68404126984126967
3585,0.23499365079365078
300,0.35991468253968251
9176,0.64813095238095231
5879,0.80980476190476203
1457,0.78243809523809527
5040,0.4682924603174603
1862,0.52731031746031753
9749,0.94224563492063484
161,0.81705476190476189
6134,0.9009785714285713
4995,0.082208882783882803
54,0.24885357142857145
5125,0.31885238095238094
2032,0.36942460317460307
8210,0.32034841269841269
3816,0.59786269841269846
1769,0.76152142857142857
6156,0.56438769841269842
8667,0.68797261904761886
2974,0.19667023809523809
3417,0.29227857142857144
2835,0.29897427849927849
1668,0.460168253968254
10028,0.41705238095238095
5619,0.57665000000000011
3169,0.57946114718614716
9153,0.29268686868686866
8746,0.85047499999999998
8049,0.52890436507936522
10564,0.18513968253968249
8691,0.48096785714285717
2765,0.52923571428571425
52,0.37988373015873017
2663,0.38320158730158732
3014,0.42485119047619047
9453,0.53591937229437248
8078,0.076561904761904762
2356,0.42842142857142856
7595,0.75924563492063479
2195,0.29158809523809526
7633,0.88282768065268058
1259,0.81185158730158746
5214,0.51566230158730164
531,0.19320357142857142
2398,0.6969765873015874
5458,0.6755742063492064
2794,0.36051111111111112
153,0.042015873015873027
256,0.34522619047619041
8787,0.26009166666666667
4496,0.51256309523809529
9649,0.3195904761904762
461,0.15620634920634921
502,0.30543293650793646
529,0.47071190476190483
5529,0.23285793650793651
9391,0.812831277056277
1032,0.8261698051948051
9896,0.23868055555555548
5557,0.73521190476190479
1836,0.096526190476190474
3476,0.28397619047619044
7104,0.2550095238095238
5480,0.76174285714285739
1717,0.63249087301587292
1333,0.71766190476190472
1806,0.25913214285714287
8297,0.53310634920634925
2806,0.055149603174603171
3407,0.29293373015873014
10518,0.3342273448773449
6043,0.54780079365079359
8857,0.88676666666666659
8456,0.41945357142857143
427,0.15687460317460322
4028,0.48245952380952378
1988,0.254518253968254
7354,0.28087976190476199
2393,0.45435158730158731
452,0.33844206349206352
5445,0.31754484126984134
7637,0.84338174603174609
5486,0.47410523088023093
4175,0.23539166666666658
6068,0.56620595238095239
8968,0.27046944444444443
9384,0.82379126984126982
7470,0.335675
9319,0.50253611111111107
5817,0.76553809523809513
10294,0.80417301587301582
1313,0.20227936507936506
10181,0.19968333333333338
5269,0.33147539682539678
127,0.3385908730158731
989,0.86884285714285714
10234,0.23617777777777774
4799,0.90595238095238106
3834,0.35858928571428572
9206,0.59453214285714295
4753,0.41170476190476191
4437,0.47010515873015873
3520,0.69145205627705619
10124,0.33880119047619045
1318,0.33106111111111103
2055,0.53644722222222219
690,0.78612499999999996
1294,0.40704404761904761
6522,0.81737857142857151
4453,0.16389642857142858
624,0.3016218253968253
2863,0.96882619047619034
4922,0.4992337662337662
4120,0.19570039682539686
8164,0.31652698412698416
2317,0.20604444444444445
6058,0.35349999999999998
1428,0.54826547619047605
3577,0.59108095238095237
5811,0.57719404761904769
1430,0.78981428571428569
4488,0.31003293650793656
9634,0.84500039682539685
4482,0.81491111111111114
4580,0.70315158730158711
2571,0.17062380952380951
10499,0.84427344877344879
3932,0.2723321428571428
377,0.71020238095238086
5851,0.34715992063492063
6384,0.65943333333333354
6470,0.19012301587301586
8505,0.21923571428571426
4268,0.64837380952380941
10397,0.68965238095238113
4309,0.55038571428571426
1949,0.77373253968253974
2097,0.095091666666666685
9709,0.55678300865800856
4936,0.37688888888888894
4033,0.60700595238095234
3828,0.56905833333333333
8862,0.18747896825396823
374,0.59511666666666663
401,0.9359738095238096
10015,0.80367738095238095
7613,0.35215595238095232
4397,0.71870508658008658
2329,0.45604285714285719
4733,0.47346031746031758
1552,0.20273928571428573
2486,0.59434722222222214
940,0.44802619047619052
7118,0.94012976190476183
8060,0.90244325396825398
1550,0.51842341269841263
6202,0.16161785714285715
8980,0.93159761904761895
8162,0.91637857142857138
10066,0.72892142857142861
7981,0.27890595238095245
7336,0.96697619047619054
6277,0.32410674603174605
1670,0.7577261904761905
6007,0.43237619047619047
7832,0.94506349206349216
2612,0.57341507936507941
8320,0.84308571428571444
1779,0.71264325396825401
6107,0.19281904761904758
2537,0.84360079365079366
2726,0.81606904761904775
8717,0.67524007936507935
2201,0.44771417748917758
6276,0.24903888888888889
3293,0.27595155122655118
7907,0.76667896825396831
7321,0.3169805555555556
840,0.45579047619047625
1081,0.40882142857142861
8289,0.51879801587301599
343,0.31679967532467534
8184,0.22132777777777776
7166,0.37835714285714284
8805,0.8001478354978353
9407,0.38783253968253972
5573,0.24418293650793649
9330,0.56326468253968243
2215,0.48714285714285716
4105,0.099878571428571428
7699,0.28791785714285711
5850,0.59272500000000006
10228,0.83504880952380933
638,0.46505000000000002
5633,0.38109523809523815
5919,0.60562817460317464
4573,0.16284126984126984
7164,0.57763015873015866
5093,0.51851507936507935
9815,0.64743849206349213
8411,0.69952142857142852
8955,0.45851071428571433
9556,0.61416825396825414
7349,0.42147882395382402
8436,0.36839603174603186
2631,0.85664523809523796
2739,0.75580476190476176
3930,0.4467011904761905
6833,0.43538015873015878
9186,0.682413492063492
3150,0.320859126984127
8328,0.66159920634920655
4006,0.80570357142857141
3065,0.43114999999999992
3305,0.65424722222222242
2506,0.47585277777777779
9737,0.96871190476190472
5178,0.10305595238095237
9452,0.65005952380952381
10111,0.54403928571428573
1652,0.31599556277056273
10134,0.66135476190476183
7247,0.42333968253968252
4363,0.76606944444444436
1712,0.86518333333333319
4232,0.74889166666666651
5626,0.18900952380952385
3049,0.78983095238095247
5397,0.34072380952380948
8637,0.28872619047619053
8785,0.11339404761904762
4438,0.50764841269841265
1410,0.085098809523809535
6902,0.37757341269841266
187,0.3169103174603175
3883,0.36022579365079366
3988,0.24484134199134197
5620,0.19960346320346314
2904,0.35373015873015873
3926,0.40159246031746032
9020,0.44154841269841266
2947,0.33874880952380959
2364,0.61243571428571431
5291,0.79730714285714288
7078,0.31394246031746037
4477,0.34781587301587302
4333,0.64875714285714303
9247,0.55428026695526678
6957,0.14635144300144298
7281,0.40599246031746039
4012,0.42087261904761897
975,0.74191190476190483
8037,0.23744722222222223
10408,0.69423928571428561
2900,0.11725714285714287
6457,0.38232023809523807
9292,0.29100952380952377
2115,0.27956785714285715
9001,0.46890873015873019
8981,0.38019682539682548
6085,0.47316785714285708
49,0.32240043290043291
210,0.26732380952380946
1607,0.5778535714285713
5256,0.57593492063492058
3170,0.35918650793650797
147,0.42805476190476183
7627,0.81414642857142872
83,0.50570238095238096
3686,0.70855238095238104
5133,0.21780476190476181
935,0.018134523809523809
2875,0.78681230158730164
7277,0.24352857142857143
55,0.88068571428571429
1253,0.25473730158730162
3406,0.54259761904761894
2474,0.5140472222222221
8451,0.08216666666666668
7301,0.95549761904761921
8466,0.52411666666666668
7499,0.83798809523809525
4926,0.71390833333333326
9033,0.74529166666666691
3999,0.3386345238095238
1017,0.1716924603174603
947,0.78816031746031756
7798,0.505963492063492
6280,0.23076230158730154
6393,0.44911666666666666
8056,0.19883333333333333
9003,0.2849222222222223
4481,0.16196904761904765
5134,0.63413174603174605
4804,0.43977099567099559
34,0.36491904761904764
5659,0.81109325396825394
4519,0.53482471139971133
6272,0.97637619047619062
765,0.3807166666666667
3752,0.58662301587301591
1753,0.1344309523809524
2123,0.077483333333333321
1802,0.39216309523809534
7678,0.37509523809523809
4547,0.28878571428571426
3793,0.31030595238095238
7453,0.31126428571428572
5330,0.54925158730158741
4093,0.7424322150072149
2362,0.32951865079365078
7116,0.17298214285714286
3135,0.58079087301587295
10536,0.23581190476190481
8484,0.28814722222222222
9002,0.36905230880230883
10204,0.36380476190476185
7570,0.42932499999999996
1275,0.85043333333333337
3630,0.36514841269841269
9096,0.67866666666666664
3475,0.40671190476190466
4818,0.24089642857142854
2019,0.18613333333333332
10402,0.62102896825396825
643,0.3977003607503608
9927,0.14722857142857146
2827,0.061791269841269841
288,0.50335443722943718
7886,0.35781071428571426
6584,0.91464761904761904
5554,0.86026706349206361
6329,0.38975396825396819
1233,0.66106626984126993
2541,0.34464246031746038
1150,0.17754380341880344
8459,0.86284015151515159
1814,0.86640714285714304
5564,0.75081991341991339
4306,0.47828888888888887
2144,0.29478095238095237
9792,0.30835714285714289
4634,0.3508539682539682
10084,0.63457857142857166
9847,0.46389285714285722
8510,0.45964603174603175
8921,0.8145753968253967
2509,0.88029047619047618
2111,0.80827380952380967
7505,0.44458095238095241
556,0.47681428571428569
9596,0.84446388888888901
1863,0.41903095238095234
8172,0.4394595238095238
8404,0.95893452380952382
3607,0.39777857142857143
7802,0.65154920634920654
3503,0.35723333333333335
5624,0.32458964646464644
331,0.33327539682539686
542,0.75515714285714286
9705,0.2630527777777778
3592,0.42143769841269846
5018,0.55743928571428558
5800,0.63153809523809512
8651,0.38969523809523815
7600,0.11834047619047619
9509,0.19418928571428565
5431,0.54322460317460319
7454,0.43095753968253969
8106,0.27542099567099565
3137,0.4635868326118327
702,0.83054880952380972
6287,0.89089523809523818
5657,0.27774094516594511
8027,0.2150357142857143
5350,0.40438333333333332
30,0.63912658730158722
2677,0.55465476190476182
3898,0.59202301587301587
9451,0.88009920634920646
9949,0.66492301587301583
8074,0.4155134559884559
6618,0.33545396825396823
8351,0.15356825396825396
7861,0.89433170995670996
8914,0.35543849206349204
9820,0.65516825396825407
9148,0.67602579365079385
1334,0.34311309523809519
1684,0.46673333333333333
6414,0.6666035714285713
6967,0.25361428571428574
1726,0.8334222222222224
9178,0.42895634920634917
6642,0.21394285714285713
1024,0.68406984126984116
6437,0.35788690476190482
7042,0.74975436507936499
5319,0.22511190476190476
4594,0.61775674603174591
3702,0.65812142857142863
4882,0.77917777777777775
4243,0.53464920634920643
4750,0.13168412698412701
5735,0.47284999999999999
1432,0.44908888888888887
7576,0.86142857142857143
7455,0.42308650793650793
5563,0.26020634920634922
2291,0.90150039682539695
5386,0.34146388888888896
8490,0.2861201298701298
2357,0.25489166666666663
5473,0.78759603174603188
7091,0.84020396825396826
2464,0.20517976190476186
2801,0.7689869047619049
6604,0.58588333333333331
2122,0.50547222222222221
4320,0.76498452380952364
1841,0.62127460317460304
8129,0.24892738095238093
3149,0.52665515873015889
10525,0.60027063492063493
1869,0.61176428571428576
8664,0.23112922077922077
1941,0.28822308802308799
5216,0.54803452380952389
7993,0.30927341269841269
7327,0.21757896825396825
4076,0.54840238095238103
6544,0.25184285714285715
3300,0.27354285714285714
9139,0.67138888888888903
6761,0.54516266233766231
2220,0.38935119047619043
5661,0.4055178571428571
1676,0.75488293650793648
1572,0.40203571428571433
9545,0.31475476190476193
212,0.82322142857142855
2498,0.53952460317460316
5758,0.26994801587301581
241,0.62703888888888892
7872,0.46720753968253975
10546,0.35060992063492064
9615,0.55498809523809534
882,0.49872857142857141
5753,0.72530476190476179
547,0.24776428571428574
10275,0.54883257575757582
7686,0.62787741702741706
6508,0.97261666666666657
4296,0.76727976190476188
6625,0.78894848484848501
404,0.78767005772005783
1289,0.22647380952380949
5239,0.45401086691086701
10261,0.5934650793650792
2649,0.50761309523809528
9886,0.4981714285714286
5341,0.033024999999999999
869,0.61062420634920633
5533,0.66542103174603173
1560,0.76694801587301598
9892,0.47736269841269841
1933,0.17137258297258293
5885,0.26663333333333328
7833,0.5072928571428571
7296,0.31181190476190479
7373,0.58165119047619041
8983,0.28767738095238093
5842,0.46026428571428574
2194,0.50994166666666663
132,0.50720039682539697
2659,0.43413730158730146
7896,0.37589722222222222
7887,0.520193253968254
5745,0.92716904761904761
2409,0.51850476190476169
2253,0.72765595238095238
1434,0.51174058441558434
6946,0.3771849206349206
6510,0.39196587301587299
6982,0.52994722222222224
8999,0.71859523809523829
5170,0.54946031746031743
10158,0.31969960317460316
234,0.31803333333333328
9034,0.50789325396825391
3801,0.36986547619047616
3887,0.6312742063492065
10361,0.46673690476190477
5385,0.90108333333333335
6575,0.86414007936507942
3560,0.18704967532467534
2112,0.77226269841269846
4307,0.65191111111111111
8704,0.73782976190476202
10476,0.74482023809523812
4637,0.49678192640692642
2953,0.70912142857142857
1320,0.85465238095238116
3264,0.41980000000000001
7904,0.93674523809523802
9144,0.61004448051948057
4494,0.83591547619047613
4819,0.41544563492063502
3781,0.40742460317460322
3459,0.76664880952380965
5681,0.24528015873015874
6507,0.47652976190476187
3722,0.68878571428571422
398,0.19367103174603176
9377,0.5265749999999999
978,0.49237658730158734
3104,0.49025988455988462
2693,0.34523809523809518
3803,0.83508333333333318
9533,0.91592976190476205
1173,0.77482380952380936
10307,0.51060753968253969
10326,0.36166706349206357
5113,0.26740714285714284
1116,0.68590238095238076
10452,0.46038769841269839
8013,0.50937619047619054
6491,0.36711349206349203
9906,0.82829166666666665
7531,0.66523809523809518
102,0.56870844155844158
5233,0.62999166666666673
1661,0.85916428571428571
8280,0.40156746031746027
1000,0.54262619047619043
3743,0.90611825396825396
1501,0.56767738095238074
3809,0.57829404761904768
8647,0.71130595238095251
1959,0.13584841269841269
1690,0.26421111111111112
5498,0.59943531746031764
837,0.4015535714285714
8788,0.86045515873015865
4114,0.40493095238095234
1413,0.65362222222222222
6836,0.45463214285714287
4240,0.55848968253968245
1908,0.71473055555555565
5750,0.25476309523809532
10087,0.2685781385281385
2680,0.35963849206349202
4323,0.52224920634920635
4439,0.6374749999999999
8517,0.33054761904761903
933,0.72859642857142837
33,0.86063333333333336
4295,0.33245043290043291
3258,0.45474563492063497
7497,0.3028515151515152
9276,0.41088394383394378
9811,0.4225071428571428
3833,0.42238968253968251
7682,0.092640476190476176
1748,0.31905833333333333
3693,0.21535436507936509
3608,0.42295833333333333
10230,0.46262640692640689
5468,0.49588253968253965
10464,0.80553095238095229
6932,0.283527380952381
3616,0.37441190476190467
9603,0.59759087301587299
10394,0.93233571428571427
5509,0.83883441558441552
3731,0.59555515873015885
5827,0.18816785714285711
10527,0.87954761904761902
7004,0.6039984126984127
3210,0.72840952380952373
59,0.75896269841269848
2660,0.58524246031746041
1909,0.24456785714285717
8569,0.85702222222222213
2862,0.33440119047619049
5966,0.3748738095238095
2639,0.2403373015873016
6838,0.77272222222222231
9527,0.17784523809523808
5345,0.87044523809523811
7702,0.70472857142857148
3242,0.45204642857142857
6516,0.25466904761904768
10412,0.40287698412698408
8213,0.62919563492063479
2598,0.77775238095238075
6193,0.33058333333333328
9593,0.66063095238095237
6646,0.96235476190476199
5388,0.42740952380952379
6413,0.19458452380952376
1540,0.26277261904761906
8660,0.29144404761904757
2999,0.19426785714285719
3194,0.26151666666666673
9437,0.72391230158730169
9473,0.34269285714285719
877,0.16493888888888888
9640,0.57443055555555556
4434,0.5889119047619048
8385,0.32787420634920628
2542,0.35065238095238099
3281,0.42342380952380954
7820,0.54660714285714296
1418,0.39456349206349212
6079,0.67296984126984127
3685,0.37563928571428573
9361,0.047108333333333328
3364,0.63068300865800875
7495,0.60315277777777776
8226,0.90298293650793648
8043,0.47890122655122663
9924,0.34558650793650786
6018,0.20252420634920634
3,0.42488809523809529
4592,0.58502857142857145
10125,0.65679926739926742
8900,0.61518888888888879
7028,0.67753730158730163
3419,0.60069880952380961
5514,0.1955297619047619
2770,0.4045515873015873
5007,0.65144285714285721
1931,0.23718290043290044
9768,0.44920079365079352
3337,0.46827817460317461
703,0.22262619047619045
6685,0.21111904761904765
6064,0.40558021978021974
1881,0.57925000000000004
4842,0.58948095238095233
8432,0.54725873015873028
3569,0.27876309523809523
9797,0.53600912698412684
2829,0.28752832722832727
3739,0.25543095238095237
2128,0.34926713564213563
2372,0.28541904761904763
3354,0.33366785714285707
3321,0.46322142857142845
8532,0.80155952380952378
1800,0.56852380952380954
2560,0.39837655122655125
3936,0.4789329365079365
2588,0.50183690476190479
4890,0.77653127705627711
8912,0.58301349206349196
6192,0.51774682539682548
8658,0.22521904761904762
5272,0.44221865079365086
10404,0.48192460317460306
2299,0.58819880952380943
9419,0.23625079365079366
3018,0.17907460317460316
8642,0.71538571428571429
6594,0.29180158730158728
8852,0.28001547619047618
9212,0.61684365079365067
7081,0.69841904761904761
8469,0.4929027777777778
1372,0.14754999999999999
2514,0.79662182539682536
2311,0.19208333333333336
5548,0.45895119047619054
9024,0.88605674603174611
10324,0.45960396825396826
7735,0.24573618326118327
1488,0.68788690476190484
9130,0.61772619047619048
2307,0.97394880952380958
2374,0.23540634920634915
10519,0.51672705627705628
10264,0.82726547619047597
9908,0.21476785714285712
1073,0.51796190476190473
118,0.67983253968253976
8884,0.74825198412698402
242,0.33275436507936507
6300,0.50679285714285716
5422,0.45764365079365077
899,0.61303690476190487
773,0.26571666666666666
70,0.81771349206349209
9249,0.27152777777777781
8847,0.71273333333333322
432,0.41391904761904769
468,0.8447214285714284
7830,0.76533452380952394
4642,0.22889603174603176
1782,0.62020000000000008
8683,0.53640576923076932
8551,0.29507976190476193
5224,0.33142857142857135
922,0.49441904761904759
757,0.84106071428571427
1101,0.57089761904761904
6804,0.094257142857142873
9266,0.60656904761904751
6487,0.30909112554112556
5627,0.18859285714285712
4972,0.86498333333333322
3596,0.87703968253968256
1420,0.67096547619047608
10209,0.36228055555555561
8629,0.65599642857142848
3147,0.95492023809523807
9821,0.6566468253968254
10377,0.78415519480519491
456,0.30986893939393939
9887,0.44680952380952388
8864,0.59703571428571423
5665,0.24104404761904763
1764,0.1416111111111111
9198,0.84842658730158726
7536,0.26936785714285716
991,0.33095238095238094
1537,0.55633214285714283
3450,0.65793531746031753
5663,0.22353095238095239
4221,0.23426230158730157
3350,0.61466984126984126
943,0.24548015873015869
3203,0.54187619047619051
1144,0.34243769841269839
2334,0.72044523809523808
7074,0.24816904761904762
10071,0.82074246031746045
7540,0.59842878787878784
4143,0.22793373015873014
6643,0.5323
1067,0.27122857142857137
6356,0.82704058441558448
8133,0.15667857142857142
108,0.44988214285714284
308,0.17398571428571427
7432,0.35119166666666668
2652,0.94586071428571428
4740,0.82490952380952354
7048,0.56479563492063478
490,0.53072063492063504
6808,0.44936666666666675
7990,0.55541031746031755
4460,0.20620079365079363
6803,0.7318619047619046
2414,0.3933436507936508
8085,0.36536706349206355
2031,0.73039087301587291
8476,0.74513531746031747
9840,0.92652222222222214
2853,0.41451944444444438
8114,0.3628111111111112
6245,0.64489047619047624
8918,0.11566666666666665
2621,0.60938174603174577
5344,0.26158690476190477
3775,0.1743952380952381
631,0.3286222943722944
10481,0.19326706349206346
8188,0.37627142857142853
9830,0.7923563852813853
5426,0.48654365079365075
6688,0.7356908730158731
4132,0.59682738095238086
588,0.8718384920634924
5600,0.67548888888888881
4743,0.16478412698412698
8711,0.29421190476190467
6039,0.50344761904761892
4576,0.54068012265512277
6941,0.5996650793650794
10202,0.71826111111111102
6632,0.54877777777777792
1079,0.38551111111111108
9642,0.38056150793650789
5401,0.45763769841269841
600,0.43523809523809515
4873,0.2346904761904762
5558,0.57767817460317461
483,0.47385277777777768
10378,0.54814920634920639
9004,0.32808690476190472
2809,0.71480198412698404
9542,0.82639285714285726
3215,0.50211428571428574
6924,0.20360595238095239
7213,0.84544999999999992
3105,0.43609880952380958
9771,0.59778333333333333
632,0.35549563492063496
3232,0.78926143578643571
1543,0.24920555555555551
2164,0.63439040404040403
4559,0.264063492063492
9530,0.36371428571428566
2033,0.44510833333333344
2842,0.29375039682539683
4186,0.19815714285714284
4078,0.38159444444444446
8093,0.89434166666666659
7286,0.46416031746031738
7044,0.77178095238095212
9234,0.51345595238095232
8536,0.37136428571428565
307,0.46882499999999999
4382,0.8748488095238095
1350,0.12618333333333334
4632,0.5391892857142857
5639,0.31484285714285709
6445,0.27737619047619044
10511,0.28204761904761905
8601,0.88162976190476194
137,0.27155595238095237
2298,0.42349126984126984
8978,0.5944666666666667
7218,0.45093214285714289
856,0.23269999999999999
736,0.37030198412698412
7719,0.34693968253968249
3177,0.16794047619047617
2564,0.38421071428571429
3123,0.71051349206349212
4827,0.54330039682539677
6386,0.41611904761904761
708,0.83197936507936499
1414,0.5444984126984127
7190,0.49410000000000004
10298,0.28091190476190475
838,0.56499285714285719
10145,0.70101507936507923
3071,0.7695559523809522
5329,0.28786785714285712
462,0.50245039682539672
9809,0.19811984126984128
7279,0.6186222222222223
2707,0.32534292929292924
3671,0.90172380952380959
516,0.96523690476190471
10395,0.59418304473304451
8167,0.25829761904761905
2138,0.33757261904761904
5192,0.19195714285714283
1377,0.20953412698412693
1390,0.081954761904761905
1244,0.34364642857142852
8424,0.59106666666666663
205,0.48895873015873009
9592,0.61562023809523814
116,0.42640039682539682
8306,0.49652103174603174
7649,0.88225656288156284
9560,0.52017499999999994
2102,0.083663095238095217
10490,0.43416507936507936
97,0.35800674603174598
7618,0.51574163059163058
9413,0.16055555555555553
6148,0.36036428571428575
7147,0.76349365079365072
2430,0.78022777777777752
7539,0.74362857142857142
7475,0.470811507936508
7796,0.53451392496392491
1582,0.42995039682539687
8454,0.22763888888888892
3164,0.44814087301587302
2375,0.68014206349206352
980,0.49612976190476188
10233,0.61937023809523806
2271,0.44826291208791202
7843,0.25910714285714287
6165,0.62907261904761902
3449,0.64093333333333324
8757,0.3496083333333333
9757,0.86355476190476188
6925,0.42549761904761896
6191,0.31575476190476182
6985,0.51419880952380947
9064,0.24466904761904759
2691,0.67082896825396821
657,0.24802261904761905
858,0.3476833333333334
6677,0.99045757575757576
642,0.42886670274170274
2627,0.25487738095238099
1569,0.87924657287157304
3674,0.39839682539682542
10095,0.2583151515151515
7423,0.514378391053391
4993,0.67222738095238099
4983,0.047830952380952384
7070,0.62178535353535358
700,0.55212182539682531
2447,0.20514642857142856
2380,0.85132738095238092
8418,0.53026825396825406
1288,0.29786507936507933
9400,0.2730015873015873
8530,0.43056547619047614
784,0.33250317460317458
2969,0.44300992063492073
892,0.9363880952380953
5679,0.14386190476190472
4650,0.35817579365079361
994,0.5539912698412699
9751,0.33999841269841286
9462,0.43124285714285709
4958,0.80690238095238087
506,0.47365714285714283
4631,0.42796507936507949
4321,0.20117142857142858
5617,0.51429285714285711
7571,0.80103055555555558
6873,0.34530310245310247
7964,0.23347705627705628
4567,0.43750476190476184
7429,0.92501349206349215
3615,0.13461666666666666
8744,0.41125515873015878
1142,0.33167579365079364
6189,0.38340595238095232
3411,0.58781904761904769
9133,0.5476079365079366
5806,0.65337420634920629
2385,0.30004166666666671
801,0.39676666666666666
4672,0.27615595238095236
6530,0.59741190476190464
260,0.19063015873015873
6624,0.63243928571428565
2001,0.53002579365079361
8403,0.33343452380952382
4935,0.50488571428571416
7264,0.89159047619047627
9714,0.85040238095238074
5903,0.68460039682539686
3176,0.54520686813186803
7441,0.50973214285714274
